AtomLayoutQK:
(_2,_2,_1):(_1,_2,_0)
TiledMmaQK:
TiledMMA
  ThrLayoutVMNK:  (_128,_2,_2,_1):(_1,_128,_256,_0)
  PermutationMNK: (_,_,_)
MMA_Atom
  ThrID:      _128:_1
  Shape_MNK:  (_64,_128,_32)
  LayoutA_TV: (_128,(_64,_32)):(_0,(_1,_64))
  LayoutB_TV: (_128,(_128,_32)):(_0,(_1,_128))
  LayoutC_TV: ((_4,_8,_4),(_2,_2,_16)):((_128,_1,_16),(_64,_8,_512))

AtomLayoutPV:
(_2,_2,_1):(_1,_2,_0)
TiledMmaPV:
TiledMMA
  ThrLayoutVMNK:  (_128,_2,_2,_1):(_1,_128,_256,_0)
  PermutationMNK: (_,_,_)
MMA_Atom
  ThrID:      _128:_1
  Shape_MNK:  (_64,_128,_16)
  LayoutA_TV: (_128,(_64,_16)):(_0,(_1,_64))
  LayoutB_TV: (_128,(_128,_16)):(_0,(_1,_128))
  LayoutC_TV: ((_4,_8,_4),(_2,_2,_16)):((_128,_1,_16),(_64,_8,_512))

SmemLayoutAtomQ:
Sw<3,4,3> o _0 o (_8,_128):(_128,_1)
         0      1      2      3      4      5      6      7      8      9     10     11     12     13     14     15     16     17     18     19     20     21     22     23     24     25     26     27     28     29     30     31     32     33     34     35     36     37     38     39     40     41     42     43     44     45     46     47     48     49     50     51     52     53     54     55     56     57     58     59     60     61     62     63     64     65     66     67     68     69     70     71     72     73     74     75     76     77     78     79     80     81     82     83     84     85     86     87     88     89     90     91     92     93     94     95     96     97     98     99    100    101    102    103    104    105    106    107    108    109    110    111    112    113    114    115    116    117    118    119    120    121    122    123    124    125    126    127 
    +------+------+------+------+------+------+------+------+------+------+------+------+------+------+------+------+------+------+------+------+------+------+------+------+------+------+------+------+------+------+------+------+------+------+------+------+------+------+------+------+------+------+------+------+------+------+------+------+------+------+------+------+------+------+------+------+------+------+------+------+------+------+------+------+------+------+------+------+------+------+------+------+------+------+------+------+------+------+------+------+------+------+------+------+------+------+------+------+------+------+------+------+------+------+------+------+------+------+------+------+------+------+------+------+------+------+------+------+------+------+------+------+------+------+------+------+------+------+------+------+------+------+------+------+------+------+------+------+
 0  |    0 |    1 |    2 |    3 |    4 |    5 |    6 |    7 |    8 |    9 |   10 |   11 |   12 |   13 |   14 |   15 |   16 |   17 |   18 |   19 |   20 |   21 |   22 |   23 |   24 |   25 |   26 |   27 |   28 |   29 |   30 |   31 |   32 |   33 |   34 |   35 |   36 |   37 |   38 |   39 |   40 |   41 |   42 |   43 |   44 |   45 |   46 |   47 |   48 |   49 |   50 |   51 |   52 |   53 |   54 |   55 |   56 |   57 |   58 |   59 |   60 |   61 |   62 |   63 |   64 |   65 |   66 |   67 |   68 |   69 |   70 |   71 |   72 |   73 |   74 |   75 |   76 |   77 |   78 |   79 |   80 |   81 |   82 |   83 |   84 |   85 |   86 |   87 |   88 |   89 |   90 |   91 |   92 |   93 |   94 |   95 |   96 |   97 |   98 |   99 |  100 |  101 |  102 |  103 |  104 |  105 |  106 |  107 |  108 |  109 |  110 |  111 |  112 |  113 |  114 |  115 |  116 |  117 |  118 |  119 |  120 |  121 |  122 |  123 |  124 |  125 |  126 |  127 |
    +------+------+------+------+------+------+------+------+------+------+------+------+------+------+------+------+------+------+------+------+------+------+------+------+------+------+------+------+------+------+------+------+------+------+------+------+------+------+------+------+------+------+------+------+------+------+------+------+------+------+------+------+------+------+------+------+------+------+------+------+------+------+------+------+------+------+------+------+------+------+------+------+------+------+------+------+------+------+------+------+------+------+------+------+------+------+------+------+------+------+------+------+------+------+------+------+------+------+------+------+------+------+------+------+------+------+------+------+------+------+------+------+------+------+------+------+------+------+------+------+------+------+------+------+------+------+------+------+
 1  |  144 |  145 |  146 |  147 |  148 |  149 |  150 |  151 |  152 |  153 |  154 |  155 |  156 |  157 |  158 |  159 |  128 |  129 |  130 |  131 |  132 |  133 |  134 |  135 |  136 |  137 |  138 |  139 |  140 |  141 |  142 |  143 |  176 |  177 |  178 |  179 |  180 |  181 |  182 |  183 |  184 |  185 |  186 |  187 |  188 |  189 |  190 |  191 |  160 |  161 |  162 |  163 |  164 |  165 |  166 |  167 |  168 |  169 |  170 |  171 |  172 |  173 |  174 |  175 |  208 |  209 |  210 |  211 |  212 |  213 |  214 |  215 |  216 |  217 |  218 |  219 |  220 |  221 |  222 |  223 |  192 |  193 |  194 |  195 |  196 |  197 |  198 |  199 |  200 |  201 |  202 |  203 |  204 |  205 |  206 |  207 |  240 |  241 |  242 |  243 |  244 |  245 |  246 |  247 |  248 |  249 |  250 |  251 |  252 |  253 |  254 |  255 |  224 |  225 |  226 |  227 |  228 |  229 |  230 |  231 |  232 |  233 |  234 |  235 |  236 |  237 |  238 |  239 |
    +------+------+------+------+------+------+------+------+------+------+------+------+------+------+------+------+------+------+------+------+------+------+------+------+------+------+------+------+------+------+------+------+------+------+------+------+------+------+------+------+------+------+------+------+------+------+------+------+------+------+------+------+------+------+------+------+------+------+------+------+------+------+------+------+------+------+------+------+------+------+------+------+------+------+------+------+------+------+------+------+------+------+------+------+------+------+------+------+------+------+------+------+------+------+------+------+------+------+------+------+------+------+------+------+------+------+------+------+------+------+------+------+------+------+------+------+------+------+------+------+------+------+------+------+------+------+------+------+
 2  |  288 |  289 |  290 |  291 |  292 |  293 |  294 |  295 |  296 |  297 |  298 |  299 |  300 |  301 |  302 |  303 |  304 |  305 |  306 |  307 |  308 |  309 |  310 |  311 |  312 |  313 |  314 |  315 |  316 |  317 |  318 |  319 |  256 |  257 |  258 |  259 |  260 |  261 |  262 |  263 |  264 |  265 |  266 |  267 |  268 |  269 |  270 |  271 |  272 |  273 |  274 |  275 |  276 |  277 |  278 |  279 |  280 |  281 |  282 |  283 |  284 |  285 |  286 |  287 |  352 |  353 |  354 |  355 |  356 |  357 |  358 |  359 |  360 |  361 |  362 |  363 |  364 |  365 |  366 |  367 |  368 |  369 |  370 |  371 |  372 |  373 |  374 |  375 |  376 |  377 |  378 |  379 |  380 |  381 |  382 |  383 |  320 |  321 |  322 |  323 |  324 |  325 |  326 |  327 |  328 |  329 |  330 |  331 |  332 |  333 |  334 |  335 |  336 |  337 |  338 |  339 |  340 |  341 |  342 |  343 |  344 |  345 |  346 |  347 |  348 |  349 |  350 |  351 |
    +------+------+------+------+------+------+------+------+------+------+------+------+------+------+------+------+------+------+------+------+------+------+------+------+------+------+------+------+------+------+------+------+------+------+------+------+------+------+------+------+------+------+------+------+------+------+------+------+------+------+------+------+------+------+------+------+------+------+------+------+------+------+------+------+------+------+------+------+------+------+------+------+------+------+------+------+------+------+------+------+------+------+------+------+------+------+------+------+------+------+------+------+------+------+------+------+------+------+------+------+------+------+------+------+------+------+------+------+------+------+------+------+------+------+------+------+------+------+------+------+------+------+------+------+------+------+------+------+
 3  |  432 |  433 |  434 |  435 |  436 |  437 |  438 |  439 |  440 |  441 |  442 |  443 |  444 |  445 |  446 |  447 |  416 |  417 |  418 |  419 |  420 |  421 |  422 |  423 |  424 |  425 |  426 |  427 |  428 |  429 |  430 |  431 |  400 |  401 |  402 |  403 |  404 |  405 |  406 |  407 |  408 |  409 |  410 |  411 |  412 |  413 |  414 |  415 |  384 |  385 |  386 |  387 |  388 |  389 |  390 |  391 |  392 |  393 |  394 |  395 |  396 |  397 |  398 |  399 |  496 |  497 |  498 |  499 |  500 |  501 |  502 |  503 |  504 |  505 |  506 |  507 |  508 |  509 |  510 |  511 |  480 |  481 |  482 |  483 |  484 |  485 |  486 |  487 |  488 |  489 |  490 |  491 |  492 |  493 |  494 |  495 |  464 |  465 |  466 |  467 |  468 |  469 |  470 |  471 |  472 |  473 |  474 |  475 |  476 |  477 |  478 |  479 |  448 |  449 |  450 |  451 |  452 |  453 |  454 |  455 |  456 |  457 |  458 |  459 |  460 |  461 |  462 |  463 |
    +------+------+------+------+------+------+------+------+------+------+------+------+------+------+------+------+------+------+------+------+------+------+------+------+------+------+------+------+------+------+------+------+------+------+------+------+------+------+------+------+------+------+------+------+------+------+------+------+------+------+------+------+------+------+------+------+------+------+------+------+------+------+------+------+------+------+------+------+------+------+------+------+------+------+------+------+------+------+------+------+------+------+------+------+------+------+------+------+------+------+------+------+------+------+------+------+------+------+------+------+------+------+------+------+------+------+------+------+------+------+------+------+------+------+------+------+------+------+------+------+------+------+------+------+------+------+------+------+
 4  |  576 |  577 |  578 |  579 |  580 |  581 |  582 |  583 |  584 |  585 |  586 |  587 |  588 |  589 |  590 |  591 |  592 |  593 |  594 |  595 |  596 |  597 |  598 |  599 |  600 |  601 |  602 |  603 |  604 |  605 |  606 |  607 |  608 |  609 |  610 |  611 |  612 |  613 |  614 |  615 |  616 |  617 |  618 |  619 |  620 |  621 |  622 |  623 |  624 |  625 |  626 |  627 |  628 |  629 |  630 |  631 |  632 |  633 |  634 |  635 |  636 |  637 |  638 |  639 |  512 |  513 |  514 |  515 |  516 |  517 |  518 |  519 |  520 |  521 |  522 |  523 |  524 |  525 |  526 |  527 |  528 |  529 |  530 |  531 |  532 |  533 |  534 |  535 |  536 |  537 |  538 |  539 |  540 |  541 |  542 |  543 |  544 |  545 |  546 |  547 |  548 |  549 |  550 |  551 |  552 |  553 |  554 |  555 |  556 |  557 |  558 |  559 |  560 |  561 |  562 |  563 |  564 |  565 |  566 |  567 |  568 |  569 |  570 |  571 |  572 |  573 |  574 |  575 |
    +------+------+------+------+------+------+------+------+------+------+------+------+------+------+------+------+------+------+------+------+------+------+------+------+------+------+------+------+------+------+------+------+------+------+------+------+------+------+------+------+------+------+------+------+------+------+------+------+------+------+------+------+------+------+------+------+------+------+------+------+------+------+------+------+------+------+------+------+------+------+------+------+------+------+------+------+------+------+------+------+------+------+------+------+------+------+------+------+------+------+------+------+------+------+------+------+------+------+------+------+------+------+------+------+------+------+------+------+------+------+------+------+------+------+------+------+------+------+------+------+------+------+------+------+------+------+------+------+
 5  |  720 |  721 |  722 |  723 |  724 |  725 |  726 |  727 |  728 |  729 |  730 |  731 |  732 |  733 |  734 |  735 |  704 |  705 |  706 |  707 |  708 |  709 |  710 |  711 |  712 |  713 |  714 |  715 |  716 |  717 |  718 |  719 |  752 |  753 |  754 |  755 |  756 |  757 |  758 |  759 |  760 |  761 |  762 |  763 |  764 |  765 |  766 |  767 |  736 |  737 |  738 |  739 |  740 |  741 |  742 |  743 |  744 |  745 |  746 |  747 |  748 |  749 |  750 |  751 |  656 |  657 |  658 |  659 |  660 |  661 |  662 |  663 |  664 |  665 |  666 |  667 |  668 |  669 |  670 |  671 |  640 |  641 |  642 |  643 |  644 |  645 |  646 |  647 |  648 |  649 |  650 |  651 |  652 |  653 |  654 |  655 |  688 |  689 |  690 |  691 |  692 |  693 |  694 |  695 |  696 |  697 |  698 |  699 |  700 |  701 |  702 |  703 |  672 |  673 |  674 |  675 |  676 |  677 |  678 |  679 |  680 |  681 |  682 |  683 |  684 |  685 |  686 |  687 |
    +------+------+------+------+------+------+------+------+------+------+------+------+------+------+------+------+------+------+------+------+------+------+------+------+------+------+------+------+------+------+------+------+------+------+------+------+------+------+------+------+------+------+------+------+------+------+------+------+------+------+------+------+------+------+------+------+------+------+------+------+------+------+------+------+------+------+------+------+------+------+------+------+------+------+------+------+------+------+------+------+------+------+------+------+------+------+------+------+------+------+------+------+------+------+------+------+------+------+------+------+------+------+------+------+------+------+------+------+------+------+------+------+------+------+------+------+------+------+------+------+------+------+------+------+------+------+------+------+
 6  |  864 |  865 |  866 |  867 |  868 |  869 |  870 |  871 |  872 |  873 |  874 |  875 |  876 |  877 |  878 |  879 |  880 |  881 |  882 |  883 |  884 |  885 |  886 |  887 |  888 |  889 |  890 |  891 |  892 |  893 |  894 |  895 |  832 |  833 |  834 |  835 |  836 |  837 |  838 |  839 |  840 |  841 |  842 |  843 |  844 |  845 |  846 |  847 |  848 |  849 |  850 |  851 |  852 |  853 |  854 |  855 |  856 |  857 |  858 |  859 |  860 |  861 |  862 |  863 |  800 |  801 |  802 |  803 |  804 |  805 |  806 |  807 |  808 |  809 |  810 |  811 |  812 |  813 |  814 |  815 |  816 |  817 |  818 |  819 |  820 |  821 |  822 |  823 |  824 |  825 |  826 |  827 |  828 |  829 |  830 |  831 |  768 |  769 |  770 |  771 |  772 |  773 |  774 |  775 |  776 |  777 |  778 |  779 |  780 |  781 |  782 |  783 |  784 |  785 |  786 |  787 |  788 |  789 |  790 |  791 |  792 |  793 |  794 |  795 |  796 |  797 |  798 |  799 |
    +------+------+------+------+------+------+------+------+------+------+------+------+------+------+------+------+------+------+------+------+------+------+------+------+------+------+------+------+------+------+------+------+------+------+------+------+------+------+------+------+------+------+------+------+------+------+------+------+------+------+------+------+------+------+------+------+------+------+------+------+------+------+------+------+------+------+------+------+------+------+------+------+------+------+------+------+------+------+------+------+------+------+------+------+------+------+------+------+------+------+------+------+------+------+------+------+------+------+------+------+------+------+------+------+------+------+------+------+------+------+------+------+------+------+------+------+------+------+------+------+------+------+------+------+------+------+------+------+
 7  | 1008 | 1009 | 1010 | 1011 | 1012 | 1013 | 1014 | 1015 | 1016 | 1017 | 1018 | 1019 | 1020 | 1021 | 1022 | 1023 |  992 |  993 |  994 |  995 |  996 |  997 |  998 |  999 | 1000 | 1001 | 1002 | 1003 | 1004 | 1005 | 1006 | 1007 |  976 |  977 |  978 |  979 |  980 |  981 |  982 |  983 |  984 |  985 |  986 |  987 |  988 |  989 |  990 |  991 |  960 |  961 |  962 |  963 |  964 |  965 |  966 |  967 |  968 |  969 |  970 |  971 |  972 |  973 |  974 |  975 |  944 |  945 |  946 |  947 |  948 |  949 |  950 |  951 |  952 |  953 |  954 |  955 |  956 |  957 |  958 |  959 |  928 |  929 |  930 |  931 |  932 |  933 |  934 |  935 |  936 |  937 |  938 |  939 |  940 |  941 |  942 |  943 |  912 |  913 |  914 |  915 |  916 |  917 |  918 |  919 |  920 |  921 |  922 |  923 |  924 |  925 |  926 |  927 |  896 |  897 |  898 |  899 |  900 |  901 |  902 |  903 |  904 |  905 |  906 |  907 |  908 |  909 |  910 |  911 |
    +------+------+------+------+------+------+------+------+------+------+------+------+------+------+------+------+------+------+------+------+------+------+------+------+------+------+------+------+------+------+------+------+------+------+------+------+------+------+------+------+------+------+------+------+------+------+------+------+------+------+------+------+------+------+------+------+------+------+------+------+------+------+------+------+------+------+------+------+------+------+------+------+------+------+------+------+------+------+------+------+------+------+------+------+------+------+------+------+------+------+------+------+------+------+------+------+------+------+------+------+------+------+------+------+------+------+------+------+------+------+------+------+------+------+------+------+------+------+------+------+------+------+------+------+------+------+------+------+
SmemLayoutQ:
Sw<3,4,3> o smem_ptr[8b](unset) o ((_8,_16),(_128,_1),(_1,_2)):((_128,_1024),(_1,_0),(_0,_16384))
SmemLayoutAtomK:
Sw<3,4,3> o _0 o (_8,_128):(_128,_1)
         0      1      2      3      4      5      6      7      8      9     10     11     12     13     14     15     16     17     18     19     20     21     22     23     24     25     26     27     28     29     30     31     32     33     34     35     36     37     38     39     40     41     42     43     44     45     46     47     48     49     50     51     52     53     54     55     56     57     58     59     60     61     62     63     64     65     66     67     68     69     70     71     72     73     74     75     76     77     78     79     80     81     82     83     84     85     86     87     88     89     90     91     92     93     94     95     96     97     98     99    100    101    102    103    104    105    106    107    108    109    110    111    112    113    114    115    116    117    118    119    120    121    122    123    124    125    126    127 
    +------+------+------+------+------+------+------+------+------+------+------+------+------+------+------+------+------+------+------+------+------+------+------+------+------+------+------+------+------+------+------+------+------+------+------+------+------+------+------+------+------+------+------+------+------+------+------+------+------+------+------+------+------+------+------+------+------+------+------+------+------+------+------+------+------+------+------+------+------+------+------+------+------+------+------+------+------+------+------+------+------+------+------+------+------+------+------+------+------+------+------+------+------+------+------+------+------+------+------+------+------+------+------+------+------+------+------+------+------+------+------+------+------+------+------+------+------+------+------+------+------+------+------+------+------+------+------+------+
 0  |    0 |    1 |    2 |    3 |    4 |    5 |    6 |    7 |    8 |    9 |   10 |   11 |   12 |   13 |   14 |   15 |   16 |   17 |   18 |   19 |   20 |   21 |   22 |   23 |   24 |   25 |   26 |   27 |   28 |   29 |   30 |   31 |   32 |   33 |   34 |   35 |   36 |   37 |   38 |   39 |   40 |   41 |   42 |   43 |   44 |   45 |   46 |   47 |   48 |   49 |   50 |   51 |   52 |   53 |   54 |   55 |   56 |   57 |   58 |   59 |   60 |   61 |   62 |   63 |   64 |   65 |   66 |   67 |   68 |   69 |   70 |   71 |   72 |   73 |   74 |   75 |   76 |   77 |   78 |   79 |   80 |   81 |   82 |   83 |   84 |   85 |   86 |   87 |   88 |   89 |   90 |   91 |   92 |   93 |   94 |   95 |   96 |   97 |   98 |   99 |  100 |  101 |  102 |  103 |  104 |  105 |  106 |  107 |  108 |  109 |  110 |  111 |  112 |  113 |  114 |  115 |  116 |  117 |  118 |  119 |  120 |  121 |  122 |  123 |  124 |  125 |  126 |  127 |
    +------+------+------+------+------+------+------+------+------+------+------+------+------+------+------+------+------+------+------+------+------+------+------+------+------+------+------+------+------+------+------+------+------+------+------+------+------+------+------+------+------+------+------+------+------+------+------+------+------+------+------+------+------+------+------+------+------+------+------+------+------+------+------+------+------+------+------+------+------+------+------+------+------+------+------+------+------+------+------+------+------+------+------+------+------+------+------+------+------+------+------+------+------+------+------+------+------+------+------+------+------+------+------+------+------+------+------+------+------+------+------+------+------+------+------+------+------+------+------+------+------+------+------+------+------+------+------+------+
 1  |  144 |  145 |  146 |  147 |  148 |  149 |  150 |  151 |  152 |  153 |  154 |  155 |  156 |  157 |  158 |  159 |  128 |  129 |  130 |  131 |  132 |  133 |  134 |  135 |  136 |  137 |  138 |  139 |  140 |  141 |  142 |  143 |  176 |  177 |  178 |  179 |  180 |  181 |  182 |  183 |  184 |  185 |  186 |  187 |  188 |  189 |  190 |  191 |  160 |  161 |  162 |  163 |  164 |  165 |  166 |  167 |  168 |  169 |  170 |  171 |  172 |  173 |  174 |  175 |  208 |  209 |  210 |  211 |  212 |  213 |  214 |  215 |  216 |  217 |  218 |  219 |  220 |  221 |  222 |  223 |  192 |  193 |  194 |  195 |  196 |  197 |  198 |  199 |  200 |  201 |  202 |  203 |  204 |  205 |  206 |  207 |  240 |  241 |  242 |  243 |  244 |  245 |  246 |  247 |  248 |  249 |  250 |  251 |  252 |  253 |  254 |  255 |  224 |  225 |  226 |  227 |  228 |  229 |  230 |  231 |  232 |  233 |  234 |  235 |  236 |  237 |  238 |  239 |
    +------+------+------+------+------+------+------+------+------+------+------+------+------+------+------+------+------+------+------+------+------+------+------+------+------+------+------+------+------+------+------+------+------+------+------+------+------+------+------+------+------+------+------+------+------+------+------+------+------+------+------+------+------+------+------+------+------+------+------+------+------+------+------+------+------+------+------+------+------+------+------+------+------+------+------+------+------+------+------+------+------+------+------+------+------+------+------+------+------+------+------+------+------+------+------+------+------+------+------+------+------+------+------+------+------+------+------+------+------+------+------+------+------+------+------+------+------+------+------+------+------+------+------+------+------+------+------+------+
 2  |  288 |  289 |  290 |  291 |  292 |  293 |  294 |  295 |  296 |  297 |  298 |  299 |  300 |  301 |  302 |  303 |  304 |  305 |  306 |  307 |  308 |  309 |  310 |  311 |  312 |  313 |  314 |  315 |  316 |  317 |  318 |  319 |  256 |  257 |  258 |  259 |  260 |  261 |  262 |  263 |  264 |  265 |  266 |  267 |  268 |  269 |  270 |  271 |  272 |  273 |  274 |  275 |  276 |  277 |  278 |  279 |  280 |  281 |  282 |  283 |  284 |  285 |  286 |  287 |  352 |  353 |  354 |  355 |  356 |  357 |  358 |  359 |  360 |  361 |  362 |  363 |  364 |  365 |  366 |  367 |  368 |  369 |  370 |  371 |  372 |  373 |  374 |  375 |  376 |  377 |  378 |  379 |  380 |  381 |  382 |  383 |  320 |  321 |  322 |  323 |  324 |  325 |  326 |  327 |  328 |  329 |  330 |  331 |  332 |  333 |  334 |  335 |  336 |  337 |  338 |  339 |  340 |  341 |  342 |  343 |  344 |  345 |  346 |  347 |  348 |  349 |  350 |  351 |
    +------+------+------+------+------+------+------+------+------+------+------+------+------+------+------+------+------+------+------+------+------+------+------+------+------+------+------+------+------+------+------+------+------+------+------+------+------+------+------+------+------+------+------+------+------+------+------+------+------+------+------+------+------+------+------+------+------+------+------+------+------+------+------+------+------+------+------+------+------+------+------+------+------+------+------+------+------+------+------+------+------+------+------+------+------+------+------+------+------+------+------+------+------+------+------+------+------+------+------+------+------+------+------+------+------+------+------+------+------+------+------+------+------+------+------+------+------+------+------+------+------+------+------+------+------+------+------+------+
 3  |  432 |  433 |  434 |  435 |  436 |  437 |  438 |  439 |  440 |  441 |  442 |  443 |  444 |  445 |  446 |  447 |  416 |  417 |  418 |  419 |  420 |  421 |  422 |  423 |  424 |  425 |  426 |  427 |  428 |  429 |  430 |  431 |  400 |  401 |  402 |  403 |  404 |  405 |  406 |  407 |  408 |  409 |  410 |  411 |  412 |  413 |  414 |  415 |  384 |  385 |  386 |  387 |  388 |  389 |  390 |  391 |  392 |  393 |  394 |  395 |  396 |  397 |  398 |  399 |  496 |  497 |  498 |  499 |  500 |  501 |  502 |  503 |  504 |  505 |  506 |  507 |  508 |  509 |  510 |  511 |  480 |  481 |  482 |  483 |  484 |  485 |  486 |  487 |  488 |  489 |  490 |  491 |  492 |  493 |  494 |  495 |  464 |  465 |  466 |  467 |  468 |  469 |  470 |  471 |  472 |  473 |  474 |  475 |  476 |  477 |  478 |  479 |  448 |  449 |  450 |  451 |  452 |  453 |  454 |  455 |  456 |  457 |  458 |  459 |  460 |  461 |  462 |  463 |
    +------+------+------+------+------+------+------+------+------+------+------+------+------+------+------+------+------+------+------+------+------+------+------+------+------+------+------+------+------+------+------+------+------+------+------+------+------+------+------+------+------+------+------+------+------+------+------+------+------+------+------+------+------+------+------+------+------+------+------+------+------+------+------+------+------+------+------+------+------+------+------+------+------+------+------+------+------+------+------+------+------+------+------+------+------+------+------+------+------+------+------+------+------+------+------+------+------+------+------+------+------+------+------+------+------+------+------+------+------+------+------+------+------+------+------+------+------+------+------+------+------+------+------+------+------+------+------+------+
 4  |  576 |  577 |  578 |  579 |  580 |  581 |  582 |  583 |  584 |  585 |  586 |  587 |  588 |  589 |  590 |  591 |  592 |  593 |  594 |  595 |  596 |  597 |  598 |  599 |  600 |  601 |  602 |  603 |  604 |  605 |  606 |  607 |  608 |  609 |  610 |  611 |  612 |  613 |  614 |  615 |  616 |  617 |  618 |  619 |  620 |  621 |  622 |  623 |  624 |  625 |  626 |  627 |  628 |  629 |  630 |  631 |  632 |  633 |  634 |  635 |  636 |  637 |  638 |  639 |  512 |  513 |  514 |  515 |  516 |  517 |  518 |  519 |  520 |  521 |  522 |  523 |  524 |  525 |  526 |  527 |  528 |  529 |  530 |  531 |  532 |  533 |  534 |  535 |  536 |  537 |  538 |  539 |  540 |  541 |  542 |  543 |  544 |  545 |  546 |  547 |  548 |  549 |  550 |  551 |  552 |  553 |  554 |  555 |  556 |  557 |  558 |  559 |  560 |  561 |  562 |  563 |  564 |  565 |  566 |  567 |  568 |  569 |  570 |  571 |  572 |  573 |  574 |  575 |
    +------+------+------+------+------+------+------+------+------+------+------+------+------+------+------+------+------+------+------+------+------+------+------+------+------+------+------+------+------+------+------+------+------+------+------+------+------+------+------+------+------+------+------+------+------+------+------+------+------+------+------+------+------+------+------+------+------+------+------+------+------+------+------+------+------+------+------+------+------+------+------+------+------+------+------+------+------+------+------+------+------+------+------+------+------+------+------+------+------+------+------+------+------+------+------+------+------+------+------+------+------+------+------+------+------+------+------+------+------+------+------+------+------+------+------+------+------+------+------+------+------+------+------+------+------+------+------+------+
 5  |  720 |  721 |  722 |  723 |  724 |  725 |  726 |  727 |  728 |  729 |  730 |  731 |  732 |  733 |  734 |  735 |  704 |  705 |  706 |  707 |  708 |  709 |  710 |  711 |  712 |  713 |  714 |  715 |  716 |  717 |  718 |  719 |  752 |  753 |  754 |  755 |  756 |  757 |  758 |  759 |  760 |  761 |  762 |  763 |  764 |  765 |  766 |  767 |  736 |  737 |  738 |  739 |  740 |  741 |  742 |  743 |  744 |  745 |  746 |  747 |  748 |  749 |  750 |  751 |  656 |  657 |  658 |  659 |  660 |  661 |  662 |  663 |  664 |  665 |  666 |  667 |  668 |  669 |  670 |  671 |  640 |  641 |  642 |  643 |  644 |  645 |  646 |  647 |  648 |  649 |  650 |  651 |  652 |  653 |  654 |  655 |  688 |  689 |  690 |  691 |  692 |  693 |  694 |  695 |  696 |  697 |  698 |  699 |  700 |  701 |  702 |  703 |  672 |  673 |  674 |  675 |  676 |  677 |  678 |  679 |  680 |  681 |  682 |  683 |  684 |  685 |  686 |  687 |
    +------+------+------+------+------+------+------+------+------+------+------+------+------+------+------+------+------+------+------+------+------+------+------+------+------+------+------+------+------+------+------+------+------+------+------+------+------+------+------+------+------+------+------+------+------+------+------+------+------+------+------+------+------+------+------+------+------+------+------+------+------+------+------+------+------+------+------+------+------+------+------+------+------+------+------+------+------+------+------+------+------+------+------+------+------+------+------+------+------+------+------+------+------+------+------+------+------+------+------+------+------+------+------+------+------+------+------+------+------+------+------+------+------+------+------+------+------+------+------+------+------+------+------+------+------+------+------+------+
 6  |  864 |  865 |  866 |  867 |  868 |  869 |  870 |  871 |  872 |  873 |  874 |  875 |  876 |  877 |  878 |  879 |  880 |  881 |  882 |  883 |  884 |  885 |  886 |  887 |  888 |  889 |  890 |  891 |  892 |  893 |  894 |  895 |  832 |  833 |  834 |  835 |  836 |  837 |  838 |  839 |  840 |  841 |  842 |  843 |  844 |  845 |  846 |  847 |  848 |  849 |  850 |  851 |  852 |  853 |  854 |  855 |  856 |  857 |  858 |  859 |  860 |  861 |  862 |  863 |  800 |  801 |  802 |  803 |  804 |  805 |  806 |  807 |  808 |  809 |  810 |  811 |  812 |  813 |  814 |  815 |  816 |  817 |  818 |  819 |  820 |  821 |  822 |  823 |  824 |  825 |  826 |  827 |  828 |  829 |  830 |  831 |  768 |  769 |  770 |  771 |  772 |  773 |  774 |  775 |  776 |  777 |  778 |  779 |  780 |  781 |  782 |  783 |  784 |  785 |  786 |  787 |  788 |  789 |  790 |  791 |  792 |  793 |  794 |  795 |  796 |  797 |  798 |  799 |
    +------+------+------+------+------+------+------+------+------+------+------+------+------+------+------+------+------+------+------+------+------+------+------+------+------+------+------+------+------+------+------+------+------+------+------+------+------+------+------+------+------+------+------+------+------+------+------+------+------+------+------+------+------+------+------+------+------+------+------+------+------+------+------+------+------+------+------+------+------+------+------+------+------+------+------+------+------+------+------+------+------+------+------+------+------+------+------+------+------+------+------+------+------+------+------+------+------+------+------+------+------+------+------+------+------+------+------+------+------+------+------+------+------+------+------+------+------+------+------+------+------+------+------+------+------+------+------+------+
 7  | 1008 | 1009 | 1010 | 1011 | 1012 | 1013 | 1014 | 1015 | 1016 | 1017 | 1018 | 1019 | 1020 | 1021 | 1022 | 1023 |  992 |  993 |  994 |  995 |  996 |  997 |  998 |  999 | 1000 | 1001 | 1002 | 1003 | 1004 | 1005 | 1006 | 1007 |  976 |  977 |  978 |  979 |  980 |  981 |  982 |  983 |  984 |  985 |  986 |  987 |  988 |  989 |  990 |  991 |  960 |  961 |  962 |  963 |  964 |  965 |  966 |  967 |  968 |  969 |  970 |  971 |  972 |  973 |  974 |  975 |  944 |  945 |  946 |  947 |  948 |  949 |  950 |  951 |  952 |  953 |  954 |  955 |  956 |  957 |  958 |  959 |  928 |  929 |  930 |  931 |  932 |  933 |  934 |  935 |  936 |  937 |  938 |  939 |  940 |  941 |  942 |  943 |  912 |  913 |  914 |  915 |  916 |  917 |  918 |  919 |  920 |  921 |  922 |  923 |  924 |  925 |  926 |  927 |  896 |  897 |  898 |  899 |  900 |  901 |  902 |  903 |  904 |  905 |  906 |  907 |  908 |  909 |  910 |  911 |
    +------+------+------+------+------+------+------+------+------+------+------+------+------+------+------+------+------+------+------+------+------+------+------+------+------+------+------+------+------+------+------+------+------+------+------+------+------+------+------+------+------+------+------+------+------+------+------+------+------+------+------+------+------+------+------+------+------+------+------+------+------+------+------+------+------+------+------+------+------+------+------+------+------+------+------+------+------+------+------+------+------+------+------+------+------+------+------+------+------+------+------+------+------+------+------+------+------+------+------+------+------+------+------+------+------+------+------+------+------+------+------+------+------+------+------+------+------+------+------+------+------+------+------+------+------+------+------+------+
SmemLayoutK:
Sw<3,4,3> o smem_ptr[8b](unset) o ((_8,_16),(_128,_1),(_1,_2)):((_128,_1024),(_1,_0),(_0,_16384))
SmemLayoutAtomVt:
Sw<3,3,3> o _0 o (_64,_8):(_1,_64)
        0     1     2     3     4     5     6     7 
    +-----+-----+-----+-----+-----+-----+-----+-----+
 0  |   0 |  72 | 144 | 216 | 288 | 360 | 432 | 504 |
    +-----+-----+-----+-----+-----+-----+-----+-----+
 1  |   1 |  73 | 145 | 217 | 289 | 361 | 433 | 505 |
    +-----+-----+-----+-----+-----+-----+-----+-----+
 2  |   2 |  74 | 146 | 218 | 290 | 362 | 434 | 506 |
    +-----+-----+-----+-----+-----+-----+-----+-----+
 3  |   3 |  75 | 147 | 219 | 291 | 363 | 435 | 507 |
    +-----+-----+-----+-----+-----+-----+-----+-----+
 4  |   4 |  76 | 148 | 220 | 292 | 364 | 436 | 508 |
    +-----+-----+-----+-----+-----+-----+-----+-----+
 5  |   5 |  77 | 149 | 221 | 293 | 365 | 437 | 509 |
    +-----+-----+-----+-----+-----+-----+-----+-----+
 6  |   6 |  78 | 150 | 222 | 294 | 366 | 438 | 510 |
    +-----+-----+-----+-----+-----+-----+-----+-----+
 7  |   7 |  79 | 151 | 223 | 295 | 367 | 439 | 511 |
    +-----+-----+-----+-----+-----+-----+-----+-----+
 8  |   8 |  64 | 152 | 208 | 296 | 352 | 440 | 496 |
    +-----+-----+-----+-----+-----+-----+-----+-----+
 9  |   9 |  65 | 153 | 209 | 297 | 353 | 441 | 497 |
    +-----+-----+-----+-----+-----+-----+-----+-----+
10  |  10 |  66 | 154 | 210 | 298 | 354 | 442 | 498 |
    +-----+-----+-----+-----+-----+-----+-----+-----+
11  |  11 |  67 | 155 | 211 | 299 | 355 | 443 | 499 |
    +-----+-----+-----+-----+-----+-----+-----+-----+
12  |  12 |  68 | 156 | 212 | 300 | 356 | 444 | 500 |
    +-----+-----+-----+-----+-----+-----+-----+-----+
13  |  13 |  69 | 157 | 213 | 301 | 357 | 445 | 501 |
    +-----+-----+-----+-----+-----+-----+-----+-----+
14  |  14 |  70 | 158 | 214 | 302 | 358 | 446 | 502 |
    +-----+-----+-----+-----+-----+-----+-----+-----+
15  |  15 |  71 | 159 | 215 | 303 | 359 | 447 | 503 |
    +-----+-----+-----+-----+-----+-----+-----+-----+
16  |  16 |  88 | 128 | 200 | 304 | 376 | 416 | 488 |
    +-----+-----+-----+-----+-----+-----+-----+-----+
17  |  17 |  89 | 129 | 201 | 305 | 377 | 417 | 489 |
    +-----+-----+-----+-----+-----+-----+-----+-----+
18  |  18 |  90 | 130 | 202 | 306 | 378 | 418 | 490 |
    +-----+-----+-----+-----+-----+-----+-----+-----+
19  |  19 |  91 | 131 | 203 | 307 | 379 | 419 | 491 |
    +-----+-----+-----+-----+-----+-----+-----+-----+
20  |  20 |  92 | 132 | 204 | 308 | 380 | 420 | 492 |
    +-----+-----+-----+-----+-----+-----+-----+-----+
21  |  21 |  93 | 133 | 205 | 309 | 381 | 421 | 493 |
    +-----+-----+-----+-----+-----+-----+-----+-----+
22  |  22 |  94 | 134 | 206 | 310 | 382 | 422 | 494 |
    +-----+-----+-----+-----+-----+-----+-----+-----+
23  |  23 |  95 | 135 | 207 | 311 | 383 | 423 | 495 |
    +-----+-----+-----+-----+-----+-----+-----+-----+
24  |  24 |  80 | 136 | 192 | 312 | 368 | 424 | 480 |
    +-----+-----+-----+-----+-----+-----+-----+-----+
25  |  25 |  81 | 137 | 193 | 313 | 369 | 425 | 481 |
    +-----+-----+-----+-----+-----+-----+-----+-----+
26  |  26 |  82 | 138 | 194 | 314 | 370 | 426 | 482 |
    +-----+-----+-----+-----+-----+-----+-----+-----+
27  |  27 |  83 | 139 | 195 | 315 | 371 | 427 | 483 |
    +-----+-----+-----+-----+-----+-----+-----+-----+
28  |  28 |  84 | 140 | 196 | 316 | 372 | 428 | 484 |
    +-----+-----+-----+-----+-----+-----+-----+-----+
29  |  29 |  85 | 141 | 197 | 317 | 373 | 429 | 485 |
    +-----+-----+-----+-----+-----+-----+-----+-----+
30  |  30 |  86 | 142 | 198 | 318 | 374 | 430 | 486 |
    +-----+-----+-----+-----+-----+-----+-----+-----+
31  |  31 |  87 | 143 | 199 | 319 | 375 | 431 | 487 |
    +-----+-----+-----+-----+-----+-----+-----+-----+
32  |  32 | 104 | 176 | 248 | 256 | 328 | 400 | 472 |
    +-----+-----+-----+-----+-----+-----+-----+-----+
33  |  33 | 105 | 177 | 249 | 257 | 329 | 401 | 473 |
    +-----+-----+-----+-----+-----+-----+-----+-----+
34  |  34 | 106 | 178 | 250 | 258 | 330 | 402 | 474 |
    +-----+-----+-----+-----+-----+-----+-----+-----+
35  |  35 | 107 | 179 | 251 | 259 | 331 | 403 | 475 |
    +-----+-----+-----+-----+-----+-----+-----+-----+
36  |  36 | 108 | 180 | 252 | 260 | 332 | 404 | 476 |
    +-----+-----+-----+-----+-----+-----+-----+-----+
37  |  37 | 109 | 181 | 253 | 261 | 333 | 405 | 477 |
    +-----+-----+-----+-----+-----+-----+-----+-----+
38  |  38 | 110 | 182 | 254 | 262 | 334 | 406 | 478 |
    +-----+-----+-----+-----+-----+-----+-----+-----+
39  |  39 | 111 | 183 | 255 | 263 | 335 | 407 | 479 |
    +-----+-----+-----+-----+-----+-----+-----+-----+
40  |  40 |  96 | 184 | 240 | 264 | 320 | 408 | 464 |
    +-----+-----+-----+-----+-----+-----+-----+-----+
41  |  41 |  97 | 185 | 241 | 265 | 321 | 409 | 465 |
    +-----+-----+-----+-----+-----+-----+-----+-----+
42  |  42 |  98 | 186 | 242 | 266 | 322 | 410 | 466 |
    +-----+-----+-----+-----+-----+-----+-----+-----+
43  |  43 |  99 | 187 | 243 | 267 | 323 | 411 | 467 |
    +-----+-----+-----+-----+-----+-----+-----+-----+
44  |  44 | 100 | 188 | 244 | 268 | 324 | 412 | 468 |
    +-----+-----+-----+-----+-----+-----+-----+-----+
45  |  45 | 101 | 189 | 245 | 269 | 325 | 413 | 469 |
    +-----+-----+-----+-----+-----+-----+-----+-----+
46  |  46 | 102 | 190 | 246 | 270 | 326 | 414 | 470 |
    +-----+-----+-----+-----+-----+-----+-----+-----+
47  |  47 | 103 | 191 | 247 | 271 | 327 | 415 | 471 |
    +-----+-----+-----+-----+-----+-----+-----+-----+
48  |  48 | 120 | 160 | 232 | 272 | 344 | 384 | 456 |
    +-----+-----+-----+-----+-----+-----+-----+-----+
49  |  49 | 121 | 161 | 233 | 273 | 345 | 385 | 457 |
    +-----+-----+-----+-----+-----+-----+-----+-----+
50  |  50 | 122 | 162 | 234 | 274 | 346 | 386 | 458 |
    +-----+-----+-----+-----+-----+-----+-----+-----+
51  |  51 | 123 | 163 | 235 | 275 | 347 | 387 | 459 |
    +-----+-----+-----+-----+-----+-----+-----+-----+
52  |  52 | 124 | 164 | 236 | 276 | 348 | 388 | 460 |
    +-----+-----+-----+-----+-----+-----+-----+-----+
53  |  53 | 125 | 165 | 237 | 277 | 349 | 389 | 461 |
    +-----+-----+-----+-----+-----+-----+-----+-----+
54  |  54 | 126 | 166 | 238 | 278 | 350 | 390 | 462 |
    +-----+-----+-----+-----+-----+-----+-----+-----+
55  |  55 | 127 | 167 | 239 | 279 | 351 | 391 | 463 |
    +-----+-----+-----+-----+-----+-----+-----+-----+
56  |  56 | 112 | 168 | 224 | 280 | 336 | 392 | 448 |
    +-----+-----+-----+-----+-----+-----+-----+-----+
57  |  57 | 113 | 169 | 225 | 281 | 337 | 393 | 449 |
    +-----+-----+-----+-----+-----+-----+-----+-----+
58  |  58 | 114 | 170 | 226 | 282 | 338 | 394 | 450 |
    +-----+-----+-----+-----+-----+-----+-----+-----+
59  |  59 | 115 | 171 | 227 | 283 | 339 | 395 | 451 |
    +-----+-----+-----+-----+-----+-----+-----+-----+
60  |  60 | 116 | 172 | 228 | 284 | 340 | 396 | 452 |
    +-----+-----+-----+-----+-----+-----+-----+-----+
61  |  61 | 117 | 173 | 229 | 285 | 341 | 397 | 453 |
    +-----+-----+-----+-----+-----+-----+-----+-----+
62  |  62 | 118 | 174 | 230 | 286 | 342 | 398 | 454 |
    +-----+-----+-----+-----+-----+-----+-----+-----+
63  |  63 | 119 | 175 | 231 | 287 | 343 | 399 | 455 |
    +-----+-----+-----+-----+-----+-----+-----+-----+
SmemLayoutVt:
Sw<3,4,3> o smem_ptr[16b](unset) o ((_64,_2),(_8,_16),(_1,_2)):((_1,_8192),(_64,_512),(_0,_16384))
SmemLayoutAtomP:
Sw<3,3,3> o _0 o (_8,_64):(_64,_1)
        0     1     2     3     4     5     6     7     8     9    10    11    12    13    14    15    16    17    18    19    20    21    22    23    24    25    26    27    28    29    30    31    32    33    34    35    36    37    38    39    40    41    42    43    44    45    46    47    48    49    50    51    52    53    54    55    56    57    58    59    60    61    62    63 
    +-----+-----+-----+-----+-----+-----+-----+-----+-----+-----+-----+-----+-----+-----+-----+-----+-----+-----+-----+-----+-----+-----+-----+-----+-----+-----+-----+-----+-----+-----+-----+-----+-----+-----+-----+-----+-----+-----+-----+-----+-----+-----+-----+-----+-----+-----+-----+-----+-----+-----+-----+-----+-----+-----+-----+-----+-----+-----+-----+-----+-----+-----+-----+-----+
 0  |   0 |   1 |   2 |   3 |   4 |   5 |   6 |   7 |   8 |   9 |  10 |  11 |  12 |  13 |  14 |  15 |  16 |  17 |  18 |  19 |  20 |  21 |  22 |  23 |  24 |  25 |  26 |  27 |  28 |  29 |  30 |  31 |  32 |  33 |  34 |  35 |  36 |  37 |  38 |  39 |  40 |  41 |  42 |  43 |  44 |  45 |  46 |  47 |  48 |  49 |  50 |  51 |  52 |  53 |  54 |  55 |  56 |  57 |  58 |  59 |  60 |  61 |  62 |  63 |
    +-----+-----+-----+-----+-----+-----+-----+-----+-----+-----+-----+-----+-----+-----+-----+-----+-----+-----+-----+-----+-----+-----+-----+-----+-----+-----+-----+-----+-----+-----+-----+-----+-----+-----+-----+-----+-----+-----+-----+-----+-----+-----+-----+-----+-----+-----+-----+-----+-----+-----+-----+-----+-----+-----+-----+-----+-----+-----+-----+-----+-----+-----+-----+-----+
 1  |  72 |  73 |  74 |  75 |  76 |  77 |  78 |  79 |  64 |  65 |  66 |  67 |  68 |  69 |  70 |  71 |  88 |  89 |  90 |  91 |  92 |  93 |  94 |  95 |  80 |  81 |  82 |  83 |  84 |  85 |  86 |  87 | 104 | 105 | 106 | 107 | 108 | 109 | 110 | 111 |  96 |  97 |  98 |  99 | 100 | 101 | 102 | 103 | 120 | 121 | 122 | 123 | 124 | 125 | 126 | 127 | 112 | 113 | 114 | 115 | 116 | 117 | 118 | 119 |
    +-----+-----+-----+-----+-----+-----+-----+-----+-----+-----+-----+-----+-----+-----+-----+-----+-----+-----+-----+-----+-----+-----+-----+-----+-----+-----+-----+-----+-----+-----+-----+-----+-----+-----+-----+-----+-----+-----+-----+-----+-----+-----+-----+-----+-----+-----+-----+-----+-----+-----+-----+-----+-----+-----+-----+-----+-----+-----+-----+-----+-----+-----+-----+-----+
 2  | 144 | 145 | 146 | 147 | 148 | 149 | 150 | 151 | 152 | 153 | 154 | 155 | 156 | 157 | 158 | 159 | 128 | 129 | 130 | 131 | 132 | 133 | 134 | 135 | 136 | 137 | 138 | 139 | 140 | 141 | 142 | 143 | 176 | 177 | 178 | 179 | 180 | 181 | 182 | 183 | 184 | 185 | 186 | 187 | 188 | 189 | 190 | 191 | 160 | 161 | 162 | 163 | 164 | 165 | 166 | 167 | 168 | 169 | 170 | 171 | 172 | 173 | 174 | 175 |
    +-----+-----+-----+-----+-----+-----+-----+-----+-----+-----+-----+-----+-----+-----+-----+-----+-----+-----+-----+-----+-----+-----+-----+-----+-----+-----+-----+-----+-----+-----+-----+-----+-----+-----+-----+-----+-----+-----+-----+-----+-----+-----+-----+-----+-----+-----+-----+-----+-----+-----+-----+-----+-----+-----+-----+-----+-----+-----+-----+-----+-----+-----+-----+-----+
 3  | 216 | 217 | 218 | 219 | 220 | 221 | 222 | 223 | 208 | 209 | 210 | 211 | 212 | 213 | 214 | 215 | 200 | 201 | 202 | 203 | 204 | 205 | 206 | 207 | 192 | 193 | 194 | 195 | 196 | 197 | 198 | 199 | 248 | 249 | 250 | 251 | 252 | 253 | 254 | 255 | 240 | 241 | 242 | 243 | 244 | 245 | 246 | 247 | 232 | 233 | 234 | 235 | 236 | 237 | 238 | 239 | 224 | 225 | 226 | 227 | 228 | 229 | 230 | 231 |
    +-----+-----+-----+-----+-----+-----+-----+-----+-----+-----+-----+-----+-----+-----+-----+-----+-----+-----+-----+-----+-----+-----+-----+-----+-----+-----+-----+-----+-----+-----+-----+-----+-----+-----+-----+-----+-----+-----+-----+-----+-----+-----+-----+-----+-----+-----+-----+-----+-----+-----+-----+-----+-----+-----+-----+-----+-----+-----+-----+-----+-----+-----+-----+-----+
 4  | 288 | 289 | 290 | 291 | 292 | 293 | 294 | 295 | 296 | 297 | 298 | 299 | 300 | 301 | 302 | 303 | 304 | 305 | 306 | 307 | 308 | 309 | 310 | 311 | 312 | 313 | 314 | 315 | 316 | 317 | 318 | 319 | 256 | 257 | 258 | 259 | 260 | 261 | 262 | 263 | 264 | 265 | 266 | 267 | 268 | 269 | 270 | 271 | 272 | 273 | 274 | 275 | 276 | 277 | 278 | 279 | 280 | 281 | 282 | 283 | 284 | 285 | 286 | 287 |
    +-----+-----+-----+-----+-----+-----+-----+-----+-----+-----+-----+-----+-----+-----+-----+-----+-----+-----+-----+-----+-----+-----+-----+-----+-----+-----+-----+-----+-----+-----+-----+-----+-----+-----+-----+-----+-----+-----+-----+-----+-----+-----+-----+-----+-----+-----+-----+-----+-----+-----+-----+-----+-----+-----+-----+-----+-----+-----+-----+-----+-----+-----+-----+-----+
 5  | 360 | 361 | 362 | 363 | 364 | 365 | 366 | 367 | 352 | 353 | 354 | 355 | 356 | 357 | 358 | 359 | 376 | 377 | 378 | 379 | 380 | 381 | 382 | 383 | 368 | 369 | 370 | 371 | 372 | 373 | 374 | 375 | 328 | 329 | 330 | 331 | 332 | 333 | 334 | 335 | 320 | 321 | 322 | 323 | 324 | 325 | 326 | 327 | 344 | 345 | 346 | 347 | 348 | 349 | 350 | 351 | 336 | 337 | 338 | 339 | 340 | 341 | 342 | 343 |
    +-----+-----+-----+-----+-----+-----+-----+-----+-----+-----+-----+-----+-----+-----+-----+-----+-----+-----+-----+-----+-----+-----+-----+-----+-----+-----+-----+-----+-----+-----+-----+-----+-----+-----+-----+-----+-----+-----+-----+-----+-----+-----+-----+-----+-----+-----+-----+-----+-----+-----+-----+-----+-----+-----+-----+-----+-----+-----+-----+-----+-----+-----+-----+-----+
 6  | 432 | 433 | 434 | 435 | 436 | 437 | 438 | 439 | 440 | 441 | 442 | 443 | 444 | 445 | 446 | 447 | 416 | 417 | 418 | 419 | 420 | 421 | 422 | 423 | 424 | 425 | 426 | 427 | 428 | 429 | 430 | 431 | 400 | 401 | 402 | 403 | 404 | 405 | 406 | 407 | 408 | 409 | 410 | 411 | 412 | 413 | 414 | 415 | 384 | 385 | 386 | 387 | 388 | 389 | 390 | 391 | 392 | 393 | 394 | 395 | 396 | 397 | 398 | 399 |
    +-----+-----+-----+-----+-----+-----+-----+-----+-----+-----+-----+-----+-----+-----+-----+-----+-----+-----+-----+-----+-----+-----+-----+-----+-----+-----+-----+-----+-----+-----+-----+-----+-----+-----+-----+-----+-----+-----+-----+-----+-----+-----+-----+-----+-----+-----+-----+-----+-----+-----+-----+-----+-----+-----+-----+-----+-----+-----+-----+-----+-----+-----+-----+-----+
 7  | 504 | 505 | 506 | 507 | 508 | 509 | 510 | 511 | 496 | 497 | 498 | 499 | 500 | 501 | 502 | 503 | 488 | 489 | 490 | 491 | 492 | 493 | 494 | 495 | 480 | 481 | 482 | 483 | 484 | 485 | 486 | 487 | 472 | 473 | 474 | 475 | 476 | 477 | 478 | 479 | 464 | 465 | 466 | 467 | 468 | 469 | 470 | 471 | 456 | 457 | 458 | 459 | 460 | 461 | 462 | 463 | 448 | 449 | 450 | 451 | 452 | 453 | 454 | 455 |
    +-----+-----+-----+-----+-----+-----+-----+-----+-----+-----+-----+-----+-----+-----+-----+-----+-----+-----+-----+-----+-----+-----+-----+-----+-----+-----+-----+-----+-----+-----+-----+-----+-----+-----+-----+-----+-----+-----+-----+-----+-----+-----+-----+-----+-----+-----+-----+-----+-----+-----+-----+-----+-----+-----+-----+-----+-----+-----+-----+-----+-----+-----+-----+-----+
SmemLayoutP:
Sw<3,4,3> o smem_ptr[16b](unset) o ((_8,_16),(_64,_2),(_1,_2)):((_64,_512),(_1,_8192),(_0,_16384))
